%YAML:1.0

#--------------------------------------------------------------------------------------------
# System config
#--------------------------------------------------------------------------------------------

# When the variables are commented, the system doesn't load a previous session or not store the current one

# If the LoadFile doesn't exist, the system give a message and create a new Atlas from scratch
#System.LoadAtlasFromFile: "MH01-MH05"


# The store file is created from the current session, if a file with the same name exists it is deleted
#System.SaveAtlasToFile: "MH01-MH05"
#System.SaveAtlasToFile: "dz_new"

#--------------------------------------------------------------------------------------------
# Camera Parameters. Adjust them!
#--------------------------------------------------------------------------------------------
File.version: "1.0"

Camera.type: "PinHole"

# Camera calibration and distortion parameters (OpenCV) 
Camera1.fx: 1040.09461835
Camera1.fy: 1041.7294914
Camera1.cx: 668.15637937
Camera1.cy: 469.9677251

Camera1.k1: -0.3633964
Camera1.k2: 0.1740877
Camera1.p1: 0.0001251
Camera1.p2: -0.000779
Camera1.k3: -0.0

Camera2.fx: 1037.7547554
Camera2.fy: 1039.8305702
Camera2.cx: 669.193679
Camera2.cy: 469.73411707
Camera2.k3: -0.0

Camera2.k1: -0.3738786
Camera2.k2: 0.21097325
Camera2.p1: -0.000033
Camera2.p2: -0.000281

Camera.width: 1280
Camera.height: 960

Camera.newWidth: 1280
Camera.newheight: 960

# Camera frames per second 
Camera.fps: 10

# Color order of the images (0: BGR, 1: RGB. It is ignored if images are grayscale)
Camera.RGB: 1

# Close/Far threshold. Baseline times.
Stereo.ThDepth: 60.0
Stereo.T_c1_c2: !!opencv-matrix
  rows: 4
  cols: 4
  dt: f
  data: [0.999996268595646, 0.00261503, 0.000790173, -0.240134,
          -0.0026161, 0.9999957, 0.00130363, -0.002855,
          -0.00078676, -0.001305695, 0.99999884, 0.0,
          0, 0, 0, 1]

# Transformation from camera 0 to body-frame (imu)
IMU.T_b_c1: !!opencv-matrix
  rows: 4
  cols: 4
  dt: f
  data: [0.0237676316498737,0.0413224850040085,0.998870828445224,0.372649470773198,
          -0.999685762214113,-0.00931326275563231,0.0240858872212079,-0.177508596238713,
          0.0103035901396618,-0.999026731786404,0.0410993334059387,-0.233278434596601,
          0,0,0,1]

# IMU noise
IMU.NoiseGyro: 0.003  # 1.6968e-04
IMU.NoiseAcc: 0.013   # 2.0000e-3
IMU.GyroWalk: 4.0e-05 
IMU.AccWalk: 0.00016  # 3.0000e-3
IMU.Frequency: 400.0


time_shift: 0.0
#Topic names
cam1_topic: "/camera/right/image_raw"
cam2_topic: "/camera/left/image_raw"
imu_topic: "/imu/data"
#--------------------------------------------------------------------------------------------
# ORB Parameters
#--------------------------------------------------------------------------------------------

# ORB Extractor: Number of features per image
ORBextractor.nFeatures: 1200

# ORB Extractor: Scale factor between levels in the scale pyramid 	
ORBextractor.scaleFactor: 1.2

# ORB Extractor: Number of levels in the scale pyramid	
ORBextractor.nLevels: 8

# ORB Extractor: Fast threshold
# Image is divided in a grid. At each cell FAST are extracted imposing a minimum response.
# Firstly we impose iniThFAST. If no corners are detected we impose a lower value minThFAST
# You can lower these values if your images have low contrast			
ORBextractor.iniThFAST: 20
ORBextractor.minThFAST: 7

#--------------------------------------------------------------------------------------------
# Viewer Parameters
#--------------------------------------------------------------------------------------------
Viewer.KeyFrameSize: 0.05
Viewer.KeyFrameLineWidth: 1.0
Viewer.GraphLineWidth: 0.9
Viewer.PointSize: 2.0
Viewer.CameraSize: 0.08
Viewer.CameraLineWidth: 3.0
Viewer.ViewpointX: 0.0
Viewer.ViewpointY: -0.7
Viewer.ViewpointZ: -1.8
Viewer.ViewpointF: 500.0
Viewer.imageViewScale: 1.0

